$MeshFormat
4.1 0 8
$EndMeshFormat
$PhysicalNames
3
1 1 "Inlet"
1 2 "Outlet"
1 3 "Impervious"
$EndPhysicalNames
$Entities
44 61 1 0
1 0 1 0 0 
2 1 1 0 0 
3 2 1 0 0 
4 3 1 0 0 
5 4 1 0 0 
6 5 1 0 0 
7 6 1 0 0 
8 7 1 0 0 
9 8 1 0 0 
10 9 1 0 0 
11 10 1 0 0 
12 11 1 0 0 
13 12 1 0 0 
14 13 1 0 0 
15 14 1 0 0 
16 15 1 0 0 
17 16 1 0 0 
18 17 1 0 0 
19 18 1 0 0 
20 19 1 0 0 
21 20 1 0 0 
22 20 0 0 0 
23 19 0 0 0 
24 18 0 0 0 
25 17 0 0 0 
26 16 0 0 0 
27 15 0 0 0 
28 14 0 0 0 
29 13 0 0 0 
32 14 0 0 0 
33 13 0 0 0 
34 12 0 0 0 
35 11 0 0 0 
36 10 0 0 0 
37 9 0 0 0 
38 8 0 0 0 
39 7 0 0 0 
40 6 0 0 0 
41 5 0 0 0 
42 4 0 0 0 
43 3 0 0 0 
44 2 0 0 0 
45 1 0 0 0 
46 0 0 0 0 
1 0 1 0 1 1 0 1 3 2 1 -2 
2 1 1 0 2 1 0 1 3 2 2 -3 
3 2 1 0 3 1 0 1 3 2 3 -4 
4 3 1 0 4 1 0 1 3 2 4 -5 
5 4 1 0 5 1 0 1 3 2 5 -6 
6 5 1 0 6 1 0 1 3 2 6 -7 
7 6 1 0 7 1 0 1 3 2 7 -8 
8 7 1 0 8 1 0 1 3 2 8 -9 
9 8 1 0 9 1 0 1 3 2 9 -10 
10 9 1 0 10 1 0 1 3 2 10 -11 
11 10 1 0 11 1 0 1 3 2 11 -12 
12 11 1 0 12 1 0 1 3 2 12 -13 
13 12 1 0 13 1 0 1 3 2 13 -14 
14 13 1 0 14 1 0 1 3 2 14 -15 
15 14 1 0 15 1 0 1 3 2 15 -16 
16 15 1 0 16 1 0 1 3 2 16 -17 
17 16 1 0 17 1 0 1 3 2 17 -18 
18 17 1 0 18 1 0 1 3 2 18 -19 
19 18 1 0 19 1 0 1 3 2 19 -20 
20 19 1 0 20 1 0 1 3 2 20 -21 
21 20 0 0 20 1 0 1 2 2 21 -22 
22 19 0 0 20 0 0 1 3 2 22 -23 
23 19 0 0 19 1 0 0 2 23 -20 
24 18 0 0 19 0 0 1 3 2 23 -24 
25 18 0 0 18 1 0 0 2 24 -19 
26 17 0 0 18 0 0 1 3 2 24 -25 
27 17 0 0 17 1 0 0 2 25 -18 
29 16 0 0 17 0 0 1 3 2 25 -26 
30 16 0 0 16 1 0 0 2 26 -17 
31 15 0 0 16 0 0 1 3 2 27 -26 
32 15 0 0 15 1 0 0 2 16 -27 
33 14 0 0 14 1 0 0 2 28 -15 
34 14 0 0 15 0 0 1 3 2 28 -27 
35 13 0 0 13 1 0 0 2 29 -14 
36 13 0 0 14 0 0 1 3 2 29 -28 
38 12 0 0 12 1 0 0 2 13 -34 
39 12 0 0 13 0 0 1 3 2 34 -29 
40 11 0 0 11 1 0 0 2 35 -12 
41 11 0 0 12 0 0 1 3 2 34 -35 
42 10 0 0 10 1 0 0 2 36 -11 
43 10 0 0 11 0 0 1 3 2 35 -36 
44 9 0 0 9 1 0 0 2 37 -10 
46 9 0 0 10 0 0 1 3 2 37 -36 
47 8 0 0 8 1 0 0 2 38 -9 
49 8 0 0 9 0 0 1 3 2 38 -37 
50 7 0 0 7 1 0 0 2 39 -8 
51 7 0 0 8 0 0 1 3 2 39 -38 
52 6 0 0 6 1 0 0 2 40 -7 
53 6 0 0 7 0 0 1 3 2 40 -39 
54 5 0 0 5 1 0 0 2 41 -6 
55 5 0 0 6 0 0 1 3 2 41 -40 
56 4 0 0 4 1 0 0 2 42 -5 
57 4 0 0 5 0 0 1 3 2 41 -42 
58 3 0 0 3 1 0 0 2 43 -4 
59 3 0 0 4 0 0 1 3 2 43 -42 
60 2 0 0 2 1 0 0 2 44 -3 
61 2 0 0 3 0 0 1 3 2 44 -43 
62 1 0 0 1 1 0 0 2 45 -2 
63 1 0 0 2 0 0 1 3 2 45 -44 
65 0 0 0 0 1 0 1 1 2 46 -1 
66 0 0 0 1 0 0 1 3 2 46 -45 
1 0 0 0 20 1 0 0 42 1 2 3 4 5 6 7 8 9 10 11 12 13 14 15 16 17 18 19 20 21 22 24 26 29 -31 -34 -36 -39 41 43 -46 -49 -51 -53 -55 57 -59 -61 -63 -66 65 
$EndEntities
$Nodes
106 64 1 64
0 1 0 1
1
0 1 0
0 2 0 1
2
1 1 0
0 3 0 1
3
2 1 0
0 4 0 1
4
3 1 0
0 5 0 1
5
4 1 0
0 6 0 1
6
5 1 0
0 7 0 1
7
6 1 0
0 8 0 1
8
7 1 0
0 9 0 1
9
8 1 0
0 10 0 1
10
9 1 0
0 11 0 1
11
10 1 0
0 12 0 1
12
11 1 0
0 13 0 1
13
12 1 0
0 14 0 1
14
13 1 0
0 15 0 1
15
14 1 0
0 16 0 1
16
15 1 0
0 17 0 1
17
16 1 0
0 18 0 1
18
17 1 0
0 19 0 1
19
18 1 0
0 20 0 1
20
19 1 0
0 21 0 1
21
20 1 0
0 22 0 1
22
20 0 0
0 23 0 1
23
19 0 0
0 24 0 1
24
18 0 0
0 25 0 1
25
17 0 0
0 26 0 1
26
16 0 0
0 27 0 1
27
15 0 0
0 28 0 1
28
14 0 0
0 29 0 1
29
13 0 0
0 32 0 1
43
14 0 0
0 33 0 1
44
13 0 0
0 34 0 1
30
12 0 0
0 35 0 1
31
11 0 0
0 36 0 1
32
10 0 0
0 37 0 1
33
9 0 0
0 38 0 1
34
8 0 0
0 39 0 1
35
7 0 0
0 40 0 1
36
6 0 0
0 41 0 1
37
5 0 0
0 42 0 1
38
4 0 0
0 43 0 1
39
3 0 0
0 44 0 1
40
2 0 0
0 45 0 1
41
1 0 0
0 46 0 1
42
0 0 0
1 1 1 0
1 2 1 0
1 3 1 0
1 4 1 0
1 5 1 0
1 6 1 0
1 7 1 0
1 8 1 0
1 9 1 0
1 10 1 0
1 11 1 0
1 12 1 0
1 13 1 0
1 14 1 0
1 15 1 0
1 16 1 0
1 17 1 0
1 18 1 0
1 19 1 0
1 20 1 0
1 21 1 0
1 22 1 0
1 23 1 0
1 24 1 0
1 25 1 0
1 26 1 0
1 27 1 0
1 29 1 0
1 30 1 0
1 31 1 0
1 32 1 0
1 33 1 0
1 34 1 0
1 35 1 0
1 36 1 0
1 38 1 0
1 39 1 0
1 40 1 0
1 41 1 0
1 42 1 0
1 43 1 0
1 44 1 0
1 46 1 0
1 47 1 0
1 49 1 0
1 50 1 0
1 51 1 0
1 52 1 0
1 53 1 0
1 54 1 0
1 55 1 0
1 56 1 0
1 57 1 0
1 58 1 0
1 59 1 0
1 60 1 0
1 61 1 0
1 62 1 0
1 63 1 0
1 65 1 0
1 66 1 0
2 1 1 20
45
46
47
48
49
50
51
52
53
54
55
56
57
58
59
60
61
62
63
64
1.5 0.5 0 -0.5 1.5
0.5 0.5 0 -0.5 0.5
2.5 0.5 0 -0.5 2.5
4.5 0.5 0 -0.5 4.5
3.5 0.5 0 -0.5 3.5
5.5 0.5 0 -0.5 5.5
6.5 0.5 0 -0.5 6.5
7.5 0.5 0 -0.5 7.5
8.5 0.5 0 -0.5 8.5
10.5 0.5 0 -0.5 10.5
9.5 0.5 0 -0.5 9.5
11.5 0.5 0 -0.5 11.5
12.5 0.5 0 -0.5 12.5
13.5 0.5 0 -0.5 13.5
14.5 0.5 0 -0.5 14.5
15.5 0.5 0 -0.5 15.5
16.5 0.5 0 -0.5 16.5
18.5 0.5 0 -0.5 18.5
17.5 0.5 0 -0.5 17.5
19.5 0.5 0 -0.5 19.5
$EndNodes
$Elements
106 185 1 185
0 1 15 1
43 1 
0 2 15 1
44 2 
0 3 15 1
45 3 
0 4 15 1
46 4 
0 5 15 1
47 5 
0 6 15 1
48 6 
0 7 15 1
49 7 
0 8 15 1
50 8 
0 9 15 1
51 9 
0 10 15 1
52 10 
0 11 15 1
53 11 
0 12 15 1
54 12 
0 13 15 1
55 13 
0 14 15 1
56 14 
0 15 15 1
57 15 
0 16 15 1
58 16 
0 17 15 1
59 17 
0 18 15 1
60 18 
0 19 15 1
61 19 
0 20 15 1
62 20 
0 21 15 1
63 21 
0 22 15 1
64 22 
0 23 15 1
65 23 
0 24 15 1
66 24 
0 25 15 1
67 25 
0 26 15 1
68 26 
0 27 15 1
69 27 
0 28 15 1
70 28 
0 29 15 1
71 29 
0 32 15 1
72 43 
0 33 15 1
73 44 
0 34 15 1
74 30 
0 35 15 1
75 31 
0 36 15 1
76 32 
0 37 15 1
77 33 
0 38 15 1
78 34 
0 39 15 1
79 35 
0 40 15 1
80 36 
0 41 15 1
81 37 
0 42 15 1
82 38 
0 43 15 1
83 39 
0 44 15 1
84 40 
0 45 15 1
85 41 
0 46 15 1
86 42 
1 1 1 1
1 1 2 
1 2 1 1
2 2 3 
1 3 1 1
3 3 4 
1 4 1 1
4 4 5 
1 5 1 1
5 5 6 
1 6 1 1
6 6 7 
1 7 1 1
7 7 8 
1 8 1 1
8 8 9 
1 9 1 1
9 9 10 
1 10 1 1
10 10 11 
1 11 1 1
11 11 12 
1 12 1 1
12 12 13 
1 13 1 1
13 13 14 
1 14 1 1
14 14 15 
1 15 1 1
15 15 16 
1 16 1 1
16 16 17 
1 17 1 1
17 17 18 
1 18 1 1
18 18 19 
1 19 1 1
19 19 20 
1 20 1 1
20 20 21 
1 21 1 1
21 21 22 
1 22 1 1
22 22 23 
1 23 1 1
87 23 20 
1 24 1 1
23 23 24 
1 25 1 1
88 24 19 
1 26 1 1
24 24 25 
1 27 1 1
89 25 18 
1 29 1 1
25 25 26 
1 30 1 1
90 26 17 
1 31 1 1
26 27 26 
1 32 1 1
91 16 27 
1 33 1 1
92 28 15 
1 34 1 1
27 28 27 
1 35 1 1
93 29 14 
1 36 1 1
28 29 28 
1 38 1 1
94 13 30 
1 39 1 1
29 30 29 
1 40 1 1
95 31 12 
1 41 1 1
30 30 31 
1 42 1 1
96 32 11 
1 43 1 1
31 31 32 
1 44 1 1
97 33 10 
1 46 1 1
32 33 32 
1 47 1 1
98 34 9 
1 49 1 1
33 34 33 
1 50 1 1
99 35 8 
1 51 1 1
34 35 34 
1 52 1 1
100 36 7 
1 53 1 1
35 36 35 
1 54 1 1
101 37 6 
1 55 1 1
36 37 36 
1 56 1 1
102 38 5 
1 57 1 1
37 37 38 
1 58 1 1
103 39 4 
1 59 1 1
38 39 38 
1 60 1 1
104 40 3 
1 61 1 1
39 40 39 
1 62 1 1
105 41 2 
1 63 1 1
40 41 40 
1 65 1 1
41 42 1 
1 66 1 1
42 42 41 
2 1 2 80
106 1 2 46 
107 42 1 46 
108 2 3 45 
109 41 2 45 
110 2 41 46 
111 3 4 47 
112 3 40 45 
113 40 3 47 
114 4 5 49 
115 4 39 47 
116 39 4 49 
117 5 6 48 
118 38 5 48 
119 5 38 49 
120 6 7 50 
121 6 37 48 
122 37 6 50 
123 7 8 51 
124 7 36 50 
125 36 7 51 
126 8 9 52 
127 8 35 51 
128 35 8 52 
129 9 10 53 
130 9 34 52 
131 34 9 53 
132 10 11 55 
133 10 33 53 
134 33 10 55 
135 11 12 54 
136 32 11 54 
137 11 32 55 
138 12 13 56 
139 12 31 54 
140 31 12 56 
141 13 14 57 
142 13 30 56 
143 30 13 57 
144 14 15 58 
145 14 29 57 
146 29 14 58 
147 15 16 59 
148 15 28 58 
149 28 15 59 
150 16 17 60 
151 16 27 59 
152 27 16 60 
153 17 18 61 
154 17 26 60 
155 26 17 61 
156 18 19 63 
157 18 25 61 
158 25 18 63 
159 19 20 62 
160 24 19 62 
161 19 24 63 
162 20 21 64 
163 20 23 62 
164 23 20 64 
165 21 22 64 
166 22 23 64 
167 23 24 62 
168 24 25 63 
169 25 26 61 
170 26 27 60 
171 27 28 59 
172 28 29 58 
173 29 30 57 
174 30 31 56 
175 31 32 54 
176 32 33 55 
177 33 34 53 
178 34 35 52 
179 35 36 51 
180 36 37 50 
181 37 38 48 
182 38 39 49 
183 39 40 47 
184 40 41 45 
185 41 42 46 
$EndElements
